4.543333333333329449e+00
4.543333333333329449e+00
4.543333333333329449e+00
4.543333333333329449e+00
9.713333333333331154e+00
9.713333333333331154e+00
9.713333333333331154e+00
9.713333333333331154e+00
9.713333333333331154e+00
9.713333333333331154e+00
1.613666666666666671e+01
1.613666666666666671e+01
1.613666666666666671e+01
1.613666666666666671e+01
1.613666666666666671e+01
1.613666666666666671e+01
1.613666666666666671e+01
1.989666666666666472e+01
1.989666666666666472e+01
1.989666666666666472e+01
1.989666666666666472e+01
1.989666666666666472e+01
1.989666666666666472e+01
3.321333333333333115e+01
3.321333333333333115e+01
3.321333333333333115e+01
3.321333333333333115e+01
3.321333333333333115e+01
3.321333333333333115e+01
3.321333333333333115e+01
3.838333333333333286e+01
3.838333333333333286e+01
3.838333333333333286e+01
3.838333333333333286e+01
3.838333333333333286e+01
3.838333333333333286e+01
4.214333333333333087e+01
4.214333333333333087e+01
4.214333333333333087e+01
4.214333333333333087e+01
4.214333333333333087e+01
4.214333333333333087e+01
4.214333333333333087e+01
4.386666666666666714e+01
4.386666666666666714e+01
4.386666666666666714e+01
4.386666666666666714e+01
4.386666666666666714e+01
4.386666666666666714e+01
4.590333333333333599e+01
4.590333333333333599e+01
4.590333333333333599e+01
4.590333333333333599e+01
4.590333333333333599e+01
4.590333333333333599e+01
4.590333333333333599e+01
4.668666666666666742e+01
4.668666666666666742e+01
4.668666666666666742e+01
4.668666666666666742e+01
4.668666666666666742e+01
4.668666666666666742e+01
4.684333333333333371e+01
4.684333333333333371e+01
4.684333333333333371e+01
4.684333333333333371e+01
4.684333333333333371e+01
4.684333333333333371e+01
4.684333333333333371e+01
4.700000000000000000e+01
4.700000000000000000e+01
4.700000000000000000e+01
4.700000000000000000e+01
4.700000000000000000e+01
4.700000000000000000e+01
4.684333333333333371e+01
4.684333333333333371e+01
4.684333333333333371e+01
4.684333333333333371e+01
4.684333333333333371e+01
4.684333333333333371e+01
4.684333333333333371e+01
4.559000000000000341e+01
4.559000000000000341e+01
4.559000000000000341e+01
4.559000000000000341e+01
4.559000000000000341e+01
4.559000000000000341e+01
4.386666666666666714e+01
4.386666666666666714e+01
4.386666666666666714e+01
4.386666666666666714e+01
4.386666666666666714e+01
4.386666666666666714e+01
4.386666666666666714e+01
4.292666666666666941e+01
4.292666666666666941e+01
4.292666666666666941e+01
4.292666666666666941e+01
4.292666666666666941e+01
4.292666666666666941e+01
4.057666666666666799e+01
4.057666666666666799e+01
4.057666666666666799e+01
4.057666666666666799e+01
4.057666666666666799e+01
4.057666666666666799e+01
4.057666666666666799e+01
3.900999999999999801e+01
3.900999999999999801e+01
3.900999999999999801e+01
3.900999999999999801e+01
3.900999999999999801e+01
3.900999999999999801e+01
3.838333333333333286e+01
3.838333333333333286e+01
3.838333333333333286e+01
3.838333333333333286e+01
3.838333333333333286e+01
3.838333333333333286e+01
3.838333333333333286e+01
3.556333333333333258e+01
3.556333333333333258e+01
3.556333333333333258e+01
3.556333333333333258e+01
3.556333333333333258e+01
3.556333333333333258e+01
3.415333333333333599e+01
3.415333333333333599e+01
3.415333333333333599e+01
3.415333333333333599e+01
3.415333333333333599e+01
3.415333333333333599e+01
3.258666666666666600e+01
3.258666666666666600e+01
3.258666666666666600e+01
3.258666666666666600e+01
3.258666666666666600e+01
3.258666666666666600e+01
3.258666666666666600e+01
3.180333333333333456e+01
3.180333333333333456e+01
3.180333333333333456e+01
3.180333333333333456e+01
3.180333333333333456e+01
3.180333333333333456e+01
3.023666666666666814e+01
3.023666666666666814e+01
3.023666666666666814e+01
3.023666666666666814e+01
3.023666666666666814e+01
3.023666666666666814e+01
3.023666666666666814e+01
2.914000000000000057e+01
2.914000000000000057e+01
2.914000000000000057e+01
2.914000000000000057e+01
2.914000000000000057e+01
2.914000000000000057e+01
2.788666666666666671e+01
2.788666666666666671e+01
2.788666666666666671e+01
2.788666666666666671e+01
2.788666666666666671e+01
2.788666666666666671e+01
2.788666666666666671e+01
2.678999999999999915e+01
2.678999999999999915e+01
2.678999999999999915e+01
2.678999999999999915e+01
2.678999999999999915e+01
2.678999999999999915e+01
2.584999999999999787e+01
2.584999999999999787e+01
2.584999999999999787e+01
2.584999999999999787e+01
2.584999999999999787e+01
2.584999999999999787e+01
2.584999999999999787e+01
2.522333333333333272e+01
2.522333333333333272e+01
2.522333333333333272e+01
2.522333333333333272e+01
2.522333333333333272e+01
2.522333333333333272e+01
2.475333333333333385e+01
2.475333333333333385e+01
2.475333333333333385e+01
2.475333333333333385e+01
2.475333333333333385e+01
2.475333333333333385e+01
2.475333333333333385e+01
2.444000000000000128e+01
2.444000000000000128e+01
2.444000000000000128e+01
2.444000000000000128e+01
2.444000000000000128e+01
2.444000000000000128e+01
2.412666666666666515e+01
2.412666666666666515e+01
2.412666666666666515e+01
2.412666666666666515e+01
2.412666666666666515e+01
2.412666666666666515e+01
2.412666666666666515e+01
2.365666666666666629e+01
2.365666666666666629e+01
2.365666666666666629e+01
2.365666666666666629e+01
2.365666666666666629e+01
2.365666666666666629e+01
2.287333333333333130e+01
2.287333333333333130e+01
2.287333333333333130e+01
2.287333333333333130e+01
2.287333333333333130e+01
2.287333333333333130e+01
2.287333333333333130e+01
2.255999999999999872e+01
2.255999999999999872e+01
2.255999999999999872e+01
2.255999999999999872e+01
2.255999999999999872e+01
2.255999999999999872e+01
2.162000000000000099e+01
2.162000000000000099e+01
2.162000000000000099e+01
2.162000000000000099e+01
2.162000000000000099e+01
2.162000000000000099e+01
2.162000000000000099e+01
2.083666666666666600e+01
2.083666666666666600e+01
2.083666666666666600e+01
2.083666666666666600e+01
2.083666666666666600e+01
2.083666666666666600e+01
2.036666666666666714e+01
2.036666666666666714e+01
2.036666666666666714e+01
2.036666666666666714e+01
2.036666666666666714e+01
2.036666666666666714e+01
2.036666666666666714e+01
1.911333333333333329e+01
1.911333333333333329e+01
1.911333333333333329e+01
1.911333333333333329e+01
1.911333333333333329e+01
1.911333333333333329e+01
1.817333333333333201e+01
1.817333333333333201e+01
1.817333333333333201e+01
1.817333333333333201e+01
1.817333333333333201e+01
1.817333333333333201e+01
1.817333333333333201e+01
1.785999999999999943e+01
1.785999999999999943e+01
1.785999999999999943e+01
1.785999999999999943e+01
1.785999999999999943e+01
1.785999999999999943e+01
1.723333333333333428e+01
1.723333333333333428e+01
1.723333333333333428e+01
1.723333333333333428e+01
1.723333333333333428e+01
1.723333333333333428e+01
1.723333333333333428e+01
1.691999999999999815e+01
1.691999999999999815e+01
1.691999999999999815e+01
1.691999999999999815e+01
1.691999999999999815e+01
1.691999999999999815e+01
1.660666666666666558e+01
1.660666666666666558e+01
1.660666666666666558e+01
1.660666666666666558e+01
1.660666666666666558e+01
1.660666666666666558e+01
1.660666666666666558e+01
1.613666666666666671e+01
1.613666666666666671e+01
1.613666666666666671e+01
1.613666666666666671e+01
1.613666666666666671e+01
1.613666666666666671e+01
1.519666666666666544e+01
1.519666666666666544e+01
1.519666666666666544e+01
1.519666666666666544e+01
1.519666666666666544e+01
1.519666666666666544e+01
1.519666666666666544e+01
1.472666666666666657e+01
1.472666666666666657e+01
1.472666666666666657e+01
1.472666666666666657e+01
1.472666666666666657e+01
1.472666666666666657e+01
1.425666666666666771e+01
1.425666666666666771e+01
1.425666666666666771e+01
1.425666666666666771e+01
1.425666666666666771e+01
1.425666666666666771e+01
1.425666666666666771e+01
1.363000000000000256e+01
1.363000000000000256e+01
1.363000000000000256e+01
1.363000000000000256e+01
1.363000000000000256e+01
1.363000000000000256e+01
1.331666666666666288e+01
1.331666666666666288e+01
1.331666666666666288e+01
1.331666666666666288e+01
1.331666666666666288e+01
1.331666666666666288e+01
1.331666666666666288e+01
1.300333333333333030e+01
1.300333333333333030e+01
1.300333333333333030e+01
1.300333333333333030e+01
1.300333333333333030e+01
1.300333333333333030e+01
1.237666666666666515e+01
1.237666666666666515e+01
1.237666666666666515e+01
1.237666666666666515e+01
1.237666666666666515e+01
1.237666666666666515e+01
1.237666666666666515e+01
1.175000000000000000e+01
1.175000000000000000e+01
1.175000000000000000e+01
1.175000000000000000e+01
1.175000000000000000e+01
1.175000000000000000e+01
1.128000000000000114e+01
1.128000000000000114e+01
1.128000000000000114e+01
1.128000000000000114e+01
1.128000000000000114e+01
1.128000000000000114e+01
1.128000000000000114e+01
1.065333333333333599e+01
1.065333333333333599e+01
1.065333333333333599e+01
1.065333333333333599e+01
1.065333333333333599e+01
1.065333333333333599e+01
1.033999999999999631e+01
1.033999999999999631e+01
1.033999999999999631e+01
1.033999999999999631e+01
1.033999999999999631e+01
1.033999999999999631e+01
1.033999999999999631e+01
1.002666666666666373e+01
1.002666666666666373e+01
1.002666666666666373e+01
1.002666666666666373e+01
1.002666666666666373e+01
1.002666666666666373e+01
9.713333333333331154e+00
9.713333333333331154e+00
9.713333333333331154e+00
9.713333333333331154e+00
9.713333333333331154e+00
9.713333333333331154e+00
9.713333333333331154e+00
9.243333333333332291e+00
9.243333333333332291e+00
9.243333333333332291e+00
9.243333333333332291e+00
9.243333333333332291e+00
9.243333333333332291e+00
9.086666666666666003e+00
9.086666666666666003e+00
9.086666666666666003e+00
9.086666666666666003e+00
9.086666666666666003e+00
9.086666666666666003e+00
8.773333333333333428e+00
8.773333333333333428e+00
8.773333333333333428e+00
8.773333333333333428e+00
8.773333333333333428e+00
8.773333333333333428e+00
8.773333333333333428e+00
8.460000000000000853e+00
8.460000000000000853e+00
8.460000000000000853e+00
8.460000000000000853e+00
8.460000000000000853e+00
8.460000000000000853e+00
7.990000000000001990e+00
7.990000000000001990e+00
7.990000000000001990e+00
7.990000000000001990e+00
7.990000000000001990e+00
7.990000000000001990e+00
7.990000000000001990e+00
7.676666666666669414e+00
7.676666666666669414e+00
7.676666666666669414e+00
7.676666666666669414e+00
7.676666666666669414e+00
7.676666666666669414e+00
7.363333333333329733e+00
7.363333333333329733e+00
7.363333333333329733e+00
7.363333333333329733e+00
7.363333333333329733e+00
7.363333333333329733e+00
7.363333333333329733e+00
7.206666666666663446e+00
7.206666666666663446e+00
7.206666666666663446e+00
7.206666666666663446e+00
7.206666666666663446e+00
7.206666666666663446e+00
7.049999999999997158e+00
7.049999999999997158e+00
7.049999999999997158e+00
7.049999999999997158e+00
7.049999999999997158e+00
7.049999999999997158e+00
7.049999999999997158e+00
6.893333333333330870e+00
6.893333333333330870e+00
6.893333333333330870e+00
6.893333333333330870e+00
6.893333333333330870e+00
6.893333333333330870e+00
6.736666666666664582e+00
6.736666666666664582e+00
6.736666666666664582e+00
6.736666666666664582e+00
6.736666666666664582e+00
6.736666666666664582e+00
6.736666666666664582e+00
6.579999999999998295e+00
6.579999999999998295e+00
6.579999999999998295e+00
6.579999999999998295e+00
6.579999999999998295e+00
6.579999999999998295e+00
6.423333333333332007e+00
6.423333333333332007e+00
6.423333333333332007e+00
6.423333333333332007e+00
6.423333333333332007e+00
6.423333333333332007e+00
6.423333333333332007e+00
6.109999999999999432e+00
6.109999999999999432e+00
6.109999999999999432e+00
6.109999999999999432e+00
6.109999999999999432e+00
6.109999999999999432e+00
5.953333333333333144e+00
5.953333333333333144e+00
5.953333333333333144e+00
5.953333333333333144e+00
5.953333333333333144e+00
5.953333333333333144e+00
5.953333333333333144e+00
5.796666666666666856e+00
5.796666666666666856e+00
5.796666666666666856e+00
5.796666666666666856e+00
5.796666666666666856e+00
5.796666666666666856e+00
5.640000000000000568e+00
5.640000000000000568e+00
5.640000000000000568e+00
5.640000000000000568e+00
5.640000000000000568e+00
5.640000000000000568e+00
5.640000000000000568e+00
5.483333333333334281e+00
5.483333333333334281e+00
5.483333333333334281e+00
5.483333333333334281e+00
5.483333333333334281e+00
5.483333333333334281e+00
5.326666666666667993e+00
5.326666666666667993e+00
5.326666666666667993e+00
5.326666666666667993e+00
5.326666666666667993e+00
5.326666666666667993e+00
5.326666666666667993e+00
5.170000000000001705e+00
5.170000000000001705e+00
5.170000000000001705e+00
5.170000000000001705e+00
5.170000000000001705e+00
5.170000000000001705e+00
5.013333333333335418e+00
5.013333333333335418e+00
5.013333333333335418e+00
5.013333333333335418e+00
5.013333333333335418e+00
5.013333333333335418e+00
5.013333333333335418e+00
4.856666666666669130e+00
4.856666666666669130e+00
4.856666666666669130e+00
4.856666666666669130e+00
4.856666666666669130e+00
4.856666666666669130e+00
4.699999999999995737e+00
4.699999999999995737e+00
4.699999999999995737e+00
4.699999999999995737e+00
4.699999999999995737e+00
4.699999999999995737e+00
4.699999999999995737e+00
4.543333333333329449e+00
4.543333333333329449e+00
4.543333333333329449e+00
4.543333333333329449e+00
4.543333333333329449e+00
4.543333333333329449e+00
4.386666666666663161e+00
4.386666666666663161e+00
4.386666666666663161e+00
4.386666666666663161e+00
4.386666666666663161e+00
4.386666666666663161e+00
4.386666666666663161e+00
4.229999999999996874e+00
4.229999999999996874e+00
4.229999999999996874e+00
4.229999999999996874e+00
4.229999999999996874e+00
4.229999999999996874e+00
4.073333333333330586e+00
4.073333333333330586e+00
4.073333333333330586e+00
4.073333333333330586e+00
4.073333333333330586e+00
4.073333333333330586e+00
4.073333333333330586e+00
3.916666666666664298e+00
3.916666666666664298e+00
3.916666666666664298e+00
3.916666666666664298e+00
3.916666666666664298e+00
3.916666666666664298e+00
3.759999999999998010e+00
3.759999999999998010e+00
3.759999999999998010e+00
3.759999999999998010e+00
3.759999999999998010e+00
3.759999999999998010e+00
3.759999999999998010e+00
3.759999999999998010e+00
3.759999999999998010e+00
3.759999999999998010e+00
3.759999999999998010e+00
3.759999999999998010e+00
3.759999999999998010e+00
3.603333333333331723e+00
3.603333333333331723e+00
3.603333333333331723e+00
3.603333333333331723e+00
3.603333333333331723e+00
3.603333333333331723e+00
3.603333333333331723e+00
3.446666666666665435e+00
3.446666666666665435e+00
3.446666666666665435e+00
3.446666666666665435e+00
3.446666666666665435e+00
3.446666666666665435e+00
3.446666666666665435e+00
3.446666666666665435e+00
3.446666666666665435e+00
3.446666666666665435e+00
3.446666666666665435e+00
3.446666666666665435e+00
3.446666666666665435e+00
3.289999999999999147e+00
3.289999999999999147e+00
3.289999999999999147e+00
3.289999999999999147e+00
3.289999999999999147e+00
3.289999999999999147e+00
3.133333333333332860e+00
3.133333333333332860e+00
3.133333333333332860e+00
3.133333333333332860e+00
3.133333333333332860e+00
3.133333333333332860e+00
3.133333333333332860e+00
3.133333333333332860e+00
3.133333333333332860e+00
3.133333333333332860e+00
3.133333333333332860e+00
3.133333333333332860e+00
3.133333333333332860e+00
2.976666666666666572e+00
2.976666666666666572e+00
2.976666666666666572e+00
2.976666666666666572e+00
2.976666666666666572e+00
2.976666666666666572e+00
2.976666666666666572e+00
2.976666666666666572e+00
2.976666666666666572e+00
2.976666666666666572e+00
2.976666666666666572e+00
2.976666666666666572e+00
2.976666666666666572e+00
2.820000000000000284e+00
2.820000000000000284e+00
2.820000000000000284e+00
2.820000000000000284e+00
2.820000000000000284e+00
2.820000000000000284e+00
2.663333333333333997e+00
2.663333333333333997e+00
2.663333333333333997e+00
2.663333333333333997e+00
2.663333333333333997e+00
2.663333333333333997e+00
2.663333333333333997e+00
2.663333333333333997e+00
2.663333333333333997e+00
2.663333333333333997e+00
2.663333333333333997e+00
2.663333333333333997e+00
2.663333333333333997e+00
2.506666666666667709e+00
2.506666666666667709e+00
2.506666666666667709e+00
2.506666666666667709e+00
2.506666666666667709e+00
2.506666666666667709e+00
2.506666666666667709e+00
2.350000000000001421e+00
2.350000000000001421e+00
2.350000000000001421e+00
2.350000000000001421e+00
2.350000000000001421e+00
2.350000000000001421e+00
2.350000000000001421e+00
2.350000000000001421e+00
2.350000000000001421e+00
2.350000000000001421e+00
2.350000000000001421e+00
2.350000000000001421e+00
2.350000000000001421e+00
2.193333333333335133e+00
2.193333333333335133e+00
2.193333333333335133e+00
2.193333333333335133e+00
2.193333333333335133e+00
2.193333333333335133e+00
2.193333333333335133e+00
2.193333333333335133e+00
2.193333333333335133e+00
2.193333333333335133e+00
2.193333333333335133e+00
2.193333333333335133e+00
2.193333333333335133e+00
2.036666666666668846e+00
2.036666666666668846e+00
2.036666666666668846e+00
2.036666666666668846e+00
2.036666666666668846e+00
2.036666666666668846e+00
2.036666666666668846e+00
2.036666666666668846e+00
2.036666666666668846e+00
2.036666666666668846e+00
2.036666666666668846e+00
2.036666666666668846e+00
2.036666666666668846e+00
1.880000000000002558e+00
1.880000000000002558e+00
1.880000000000002558e+00
1.880000000000002558e+00
1.880000000000002558e+00
1.880000000000002558e+00
1.723333333333329165e+00
1.723333333333329165e+00
1.723333333333329165e+00
1.723333333333329165e+00
1.723333333333329165e+00
1.723333333333329165e+00
1.723333333333329165e+00
1.723333333333329165e+00
1.723333333333329165e+00
1.723333333333329165e+00
1.723333333333329165e+00
1.723333333333329165e+00
1.723333333333329165e+00
1.566666666666662877e+00
1.566666666666662877e+00
1.566666666666662877e+00
1.566666666666662877e+00
1.566666666666662877e+00
1.566666666666662877e+00
1.566666666666662877e+00
1.566666666666662877e+00
1.566666666666662877e+00
1.566666666666662877e+00
1.566666666666662877e+00
1.566666666666662877e+00
1.566666666666662877e+00
1.566666666666662877e+00
1.566666666666662877e+00
1.566666666666662877e+00
1.566666666666662877e+00
1.566666666666662877e+00
1.566666666666662877e+00
1.566666666666662877e+00
1.409999999999996589e+00
1.409999999999996589e+00
1.409999999999996589e+00
1.409999999999996589e+00
1.409999999999996589e+00
1.409999999999996589e+00
1.409999999999996589e+00
1.409999999999996589e+00
1.409999999999996589e+00
1.409999999999996589e+00
1.409999999999996589e+00
1.409999999999996589e+00
1.409999999999996589e+00
1.253333333333330302e+00
1.253333333333330302e+00
1.253333333333330302e+00
1.253333333333330302e+00
1.253333333333330302e+00
1.253333333333330302e+00
1.253333333333330302e+00
1.253333333333330302e+00
1.253333333333330302e+00
1.253333333333330302e+00
1.253333333333330302e+00
1.253333333333330302e+00
1.253333333333330302e+00
1.096666666666664014e+00
1.096666666666664014e+00
1.096666666666664014e+00
1.096666666666664014e+00
1.096666666666664014e+00
1.096666666666664014e+00
1.096666666666664014e+00
1.096666666666664014e+00
1.096666666666664014e+00
1.096666666666664014e+00
1.096666666666664014e+00
1.096666666666664014e+00
1.096666666666664014e+00
9.399999999999977263e-01
9.399999999999977263e-01
9.399999999999977263e-01
9.399999999999977263e-01
9.399999999999977263e-01
9.399999999999977263e-01
9.399999999999977263e-01
9.399999999999977263e-01
9.399999999999977263e-01
9.399999999999977263e-01
9.399999999999977263e-01
9.399999999999977263e-01
9.399999999999977263e-01
7.833333333333314386e-01
7.833333333333314386e-01
7.833333333333314386e-01
7.833333333333314386e-01
7.833333333333314386e-01
7.833333333333314386e-01
7.833333333333314386e-01
7.833333333333314386e-01
7.833333333333314386e-01
7.833333333333314386e-01
7.833333333333314386e-01
7.833333333333314386e-01
7.833333333333314386e-01
7.833333333333314386e-01
7.833333333333314386e-01
7.833333333333314386e-01
7.833333333333314386e-01
7.833333333333314386e-01
7.833333333333314386e-01
6.266666666666651508e-01
6.266666666666651508e-01
6.266666666666651508e-01
6.266666666666651508e-01
6.266666666666651508e-01
6.266666666666651508e-01
6.266666666666651508e-01
6.266666666666651508e-01
6.266666666666651508e-01
6.266666666666651508e-01
6.266666666666651508e-01
6.266666666666651508e-01
6.266666666666651508e-01
6.266666666666651508e-01
6.266666666666651508e-01
6.266666666666651508e-01
6.266666666666651508e-01
6.266666666666651508e-01
6.266666666666651508e-01
6.266666666666651508e-01
6.266666666666651508e-01
6.266666666666651508e-01
6.266666666666651508e-01
6.266666666666651508e-01
6.266666666666651508e-01
6.266666666666651508e-01
6.266666666666651508e-01
6.266666666666651508e-01
6.266666666666651508e-01
6.266666666666651508e-01
6.266666666666651508e-01
6.266666666666651508e-01
6.266666666666651508e-01
6.266666666666651508e-01
6.266666666666651508e-01
6.266666666666651508e-01
6.266666666666651508e-01
6.266666666666651508e-01
6.266666666666651508e-01
6.266666666666651508e-01
6.266666666666651508e-01
6.266666666666651508e-01
6.266666666666651508e-01
6.266666666666651508e-01
6.266666666666651508e-01
6.266666666666651508e-01
4.699999999999988631e-01
4.699999999999988631e-01
4.699999999999988631e-01
4.699999999999988631e-01
4.699999999999988631e-01
4.699999999999988631e-01
4.699999999999988631e-01
4.699999999999988631e-01
4.699999999999988631e-01
4.699999999999988631e-01
4.699999999999988631e-01
4.699999999999988631e-01
4.699999999999988631e-01
4.699999999999988631e-01
4.699999999999988631e-01
4.699999999999988631e-01
4.699999999999988631e-01
4.699999999999988631e-01
4.699999999999988631e-01
4.699999999999988631e-01
4.699999999999988631e-01
4.699999999999988631e-01
4.699999999999988631e-01
4.699999999999988631e-01
4.699999999999988631e-01
4.699999999999988631e-01
4.699999999999988631e-01
4.699999999999988631e-01
4.699999999999988631e-01
4.699999999999988631e-01
4.699999999999988631e-01
4.699999999999988631e-01
4.699999999999988631e-01
4.699999999999988631e-01
4.699999999999988631e-01
4.699999999999988631e-01
4.699999999999988631e-01
4.699999999999988631e-01
4.699999999999988631e-01
4.699999999999988631e-01
4.699999999999988631e-01
4.699999999999988631e-01
4.699999999999988631e-01
4.699999999999988631e-01
4.699999999999988631e-01
3.133333333333325754e-01
3.133333333333325754e-01
3.133333333333325754e-01
3.133333333333325754e-01
3.133333333333325754e-01
3.133333333333325754e-01
3.133333333333325754e-01
3.133333333333325754e-01
3.133333333333325754e-01
3.133333333333325754e-01
3.133333333333325754e-01
3.133333333333325754e-01
3.133333333333325754e-01
3.133333333333325754e-01
3.133333333333325754e-01
3.133333333333325754e-01
3.133333333333325754e-01
3.133333333333325754e-01
3.133333333333325754e-01
3.133333333333325754e-01
3.133333333333325754e-01
3.133333333333325754e-01
3.133333333333325754e-01
3.133333333333325754e-01
3.133333333333325754e-01
3.133333333333325754e-01
3.133333333333325754e-01
3.133333333333325754e-01
3.133333333333325754e-01
3.133333333333325754e-01
3.133333333333325754e-01
3.133333333333325754e-01
3.133333333333325754e-01
3.133333333333325754e-01
3.133333333333325754e-01
3.133333333333325754e-01
3.133333333333325754e-01
3.133333333333325754e-01
3.133333333333325754e-01
1.566666666666662877e-01
1.566666666666662877e-01
1.566666666666662877e-01
1.566666666666662877e-01
1.566666666666662877e-01
1.566666666666662877e-01
1.566666666666662877e-01
1.566666666666662877e-01
1.566666666666662877e-01
1.566666666666662877e-01
1.566666666666662877e-01
1.566666666666662877e-01
1.566666666666662877e-01
1.566666666666662877e-01
1.566666666666662877e-01
1.566666666666662877e-01
1.566666666666662877e-01
1.566666666666662877e-01
1.566666666666662877e-01
1.566666666666662877e-01
1.566666666666662877e-01
1.566666666666662877e-01
1.566666666666662877e-01
1.566666666666662877e-01
1.566666666666662877e-01
1.566666666666662877e-01
1.566666666666662877e-01
1.566666666666662877e-01
1.566666666666662877e-01
1.566666666666662877e-01
1.566666666666662877e-01
1.566666666666662877e-01
1.566666666666662877e-01
1.566666666666662877e-01
1.566666666666662877e-01
1.566666666666662877e-01
1.566666666666662877e-01
1.566666666666662877e-01
1.566666666666662877e-01
1.566666666666662877e-01
1.566666666666662877e-01
1.566666666666662877e-01
1.566666666666662877e-01
1.566666666666662877e-01
1.566666666666662877e-01
1.566666666666662877e-01
1.566666666666662877e-01
1.566666666666662877e-01
1.566666666666662877e-01
1.566666666666662877e-01
1.566666666666662877e-01
1.566666666666662877e-01
1.566666666666662877e-01
1.566666666666662877e-01
1.566666666666662877e-01
1.566666666666662877e-01
1.566666666666662877e-01
1.566666666666662877e-01
1.566666666666662877e-01
1.566666666666662877e-01
1.566666666666662877e-01
1.566666666666662877e-01
1.566666666666662877e-01
1.566666666666662877e-01
1.566666666666662877e-01
1.566666666666662877e-01
1.566666666666662877e-01
1.566666666666662877e-01
1.566666666666662877e-01
1.566666666666662877e-01
1.566666666666662877e-01
0
0
0
0
